x,y
134,25
135,24
136,22
137,22
141,23
142,23
145,24
146,24
147,25
147,26
146,29
147,30
148,30
148,31
149,31
153,30
153,29
154,29
155,28
156,28
159,27
160,27
162,26
165,22
166,20
167,18
166,17
166,16
167,16
167,15
168,13
169,13
170,12
171,12
172,13
173,15
173,16
174,17
175,17
177,16
178,16
178,17
179,19
180,19
180,20
181,21
181,22
180,23
180,24
179,25
178,26
177,26
175,27
176,27
180,28
179,29
180,30
180,31
181,32
182,32
181,33
181,34
183,35
182,35
182,36
183,38
184,37
185,32
185,31
186,32
187,32
187,33
188,34
188,35
189,38
190,38
192,37
193,38
193,39
194,39
195,40
195,41
196,41
198,40
200,40
201,42
202,43
201,44
201,45
202,48
203,48
203,49
202,50
202,51
203,52
204,52
208,53
209,53
209,52
210,49
210,50
211,50
212,51
213,51
214,50
215,50
216,51
217,51
219,50
220,50
221,51
222,51
225,52
226,52
226,53
227,54
228,54
238,53
239,53
240,52
242,49
243,49
244,49
244,50
245,51
246,52
246,53
247,54
248,54
249,53
249,52
250,48
251,48
252,47
253,47
254,46
255,46
257,47
258,47
262,46
263,46
265,45
265,44
266,44
266,43
267,42
268,40
267,40
267,39
268,39
269,38
271,37
272,36
273,36
273,37
274,38
274,37
275,37
276,36
277,36
277,35
278,35
279,36
281,37
282,38
282,39
283,44
283,45
284,46
287,48
288,49
289,50
290,50
292,51
292,52
293,54
293,55
294,56
294,57
290,58
289,59
289,60
290,62
292,63
294,64
294,65
293,66
293,67
294,71
294,72
295,74
296,76
297,77
298,79
299,80
298,80
298,81
297,83
297,84
296,86
296,87
297,87
298,87
298,86
299,85
299,84
300,83
300,82
299,81
300,80
301,80
305,81
307,82
309,83
309,84
310,85
310,86
311,87
312,87
315,88
316,88
323,89
324,90
325,90
327,89
328,89
329,90
330,90
332,91
333,91
334,92
336,93
339,92
340,92
343,91
345,90
346,89
347,89
348,88
349,88
350,87
351,87
352,86
353,86
354,85
355,85
356,84
357,84
358,83
360,82
361,81
369,74
370,73
369,70
368,70
367,75
367,76
368,78
368,79
369,81
371,82
375,81
376,81
377,80
378,80
388,79
389,79
391,78
392,78
394,77
395,77
396,76
397,76
398,76
399,77
400,77
403,78
404,79
403,79
403,80
404,81
405,81
405,82
404,82
404,83
403,84
404,85
404,86
405,88
408,90
409,91
410,91
419,92
421,93
426,92
427,92
429,91
430,91
431,90
432,90
432,91
433,92
434,93
436,94
437,95
438,95
439,96
440,96
442,97
443,97
444,98
445,98
447,99
447,100
448,101
448,103
443,107
443,108
442,109
440,112
441,112
442,111
444,110
445,109
451,104
452,103
454,102
456,101
459,99
460,98
461,98
462,99
463,99
464,98
465,98
467,99
468,99
473,98
474,98
479,97
480,97
481,96
486,92
486,93
487,94
487,95
488,96
491,98
493,99
494,99
496,100
497,100
501,101
502,101
509,102
510,102
517,103
518,103
519,104
520,104
523,105
524,105
527,104
528,104
531,103
532,103
536,102
537,102
539,101
540,101
543,100
544,100
547,99
548,99
549,98
551,97
556,96
557,96
560,97
565,103
566,104
568,105
569,106
570,106
572,107
573,107
576,108
577,108
579,109
580,109
584,110
585,110
586,111
587,111
588,112
595,118
602,117
603,117
609,118
608,121
608,122
609,125
609,126
610,129
616,134
618,135
619,135
623,136
626,138
628,139
629,139
631,140
632,140
632,141
633,142
634,142
635,143
636,143
637,144
637,145
638,146
638,147
637,155
637,156
636,158
636,159
635,160
635,161
634,163
635,164
636,164
639,165
639,166
640,167
640,168
639,171
638,171
633,170
632,170
628,169
627,169
619,168
618,168
613,167
612,167
610,166
608,165
600,166
599,166
593,167
594,167
601,166
602,166
604,167
605,169
604,170
600,173
596,174
595,174
594,175
593,175
591,174
590,173
589,173
585,172
584,170
583,169
582,169
582,170
583,172
584,173
584,174
585,174
589,175
588,178
587,178
586,179
585,179
571,178
571,177
570,175
568,174
565,175
566,175
569,176
569,177
570,181
571,181
575,182
576,182
581,183
582,183
583,184
582,184
581,185
582,185
584,186
585,186
586,185
587,185
592,184
593,184
594,185
596,186
597,187
601,190
602,191
603,193
604,194
604,195
601,196
602,196
603,197
603,198
604,200
604,201
603,208
601,208
600,208
599,207
599,206
598,205
597,205
592,206
592,207
593,207
597,208
601,211
604,212
605,212
606,213
607,215
606,215
606,216
607,216
609,213
610,212
611,212
613,213
614,213
617,214
619,215
620,216
622,217
623,218
624,220
625,221
626,223
627,224
626,225
624,226
623,225
623,226
624,228
624,229
625,230
625,231
626,232
626,233
625,232
624,232
624,233
623,233
622,232
621,232
611,233
612,233
616,234
617,234
618,235
619,234
620,234
625,235
626,235
627,235
628,234
628,233
629,232
629,233
630,235
633,237
634,238
636,241
637,243
638,245
639,246
640,246
641,247
642,247
643,248
644,248
645,249
646,251
647,256
647,257
648,261
648,262
649,273
649,274
650,275
651,277
652,279
652,280
653,281
653,282
654,284
654,285
655,292
655,293
654,298
654,299
653,301
653,302
652,313
652,314
651,316
651,317
650,318
650,319
649,321
649,322
648,323
643,327
642,328
638,331
637,332
634,334
633,335
629,338
628,339
626,340
625,341
624,341
623,342
622,342
621,343
620,343
616,344
615,344
608,345
607,345
604,346
603,346
601,347
600,347
599,346
600,346
602,345
601,345
593,346
592,346
583,347
582,347
580,346
579,345
578,345
570,344
568,343
567,342
567,341
566,338
566,337
565,335
565,334
564,330
560,325
559,325
558,325
557,326
555,327
549,328
548,329
548,330
547,331
547,332
546,333
544,334
543,335
542,335
539,336
538,336
537,335
536,335
537,336
537,337
538,338
540,341
541,342
541,343
542,344
542,345
543,346
548,350
549,351
557,358
557,359
556,371
556,372
555,376
555,377
554,378
554,379
553,380
553,381
552,382
552,383
551,385
551,386
550,387
550,388
549,389
549,390
548,391
548,392
547,393
547,394
546,396
545,396
545,397
544,399
544,400
543,401
542,401
539,402
538,402
538,403
537,404
536,404
534,405
533,406
531,409
530,410
528,411
525,412
520,416
519,417
516,421
515,422
514,424
513,425
512,425
509,424
508,424
500,423
498,422
495,423
494,423
493,424
491,425
490,424
489,424
488,423
487,423
485,424
488,426
489,427
490,427
496,426
497,426
508,427
509,427
510,428
511,428
512,429
513,429
514,428
515,428
516,427
517,425
518,424
525,418
526,417
527,417
531,418
532,418
534,419
535,419
537,418
538,418
539,417
540,417
541,416
542,414
541,412
541,412
542,414
541,418
541,419
540,420
540,421
539,422
539,423
538,424
537,426
536,427
529,435
528,436
527,438
526,439
526,440
525,441
524,443
523,444
523,445
522,446
522,447
521,448
521,449
520,450
520,451
519,452
519,453
518,455
518,456
517,458
517,459
518,466
519,468
520,469
521,469
525,470
526,470
525,471
523,472
522,473
521,473
520,474
518,475
515,476
514,476
513,477
512,479
513,482
512,482
510,483
508,484
506,485
506,486
505,487
505,488
504,489
504,490
503,492
503,493
502,495
502,496
501,497
501,498
500,499
500,500
499,501
496,503
495,504
495,505
496,506
496,507
495,508
494,508
493,509
493,510
492,511
491,511
489,512
488,512
486,513
486,514
485,515
484,515
484,516
483,516
481,517
480,517
480,518
479,519
478,519
475,520
474,520
470,521
470,522
469,522
464,523
463,523
462,524
460,525
458,526
457,526
456,527
456,526
455,524
454,523
453,524
452,524
452,525
453,527
454,527
454,528
453,529
453,530
452,531
452,532
453,534
452,535
451,535
450,536
447,540
446,541
445,543
444,544
444,545
443,549
443,550
442,551
442,552
441,554
441,555
442,557
441,558
441,559
440,565
437,569
436,572
435,574
434,576
433,578
432,579
432,580
431,583
431,584
430,585
431,586
431,587
432,588
432,589
431,590
430,592
429,594
428,596
427,598
427,599
428,601
429,603
428,604
426,607
425,608
425,609
426,612
427,614
426,616
426,617
425,622
424,623
424,624
423,627
423,628
424,629
423,630
423,631
422,632
421,633
418,635
417,636
416,636
415,637
414,639
413,640
413,639
412,638
410,639
410,640
409,640
409,641
408,642
408,643
407,645
404,647
403,648
403,649
402,650
401,652
400,654
400,655
399,656
398,658
397,659
397,660
396,661
396,662
395,664
395,665
394,665
392,666
392,667
391,669
388,670
386,671
384,670
383,670
382,671
381,671
378,672
376,673
375,674
375,675
374,675
374,676
373,676
372,677
371,677
371,678
370,678
368,679
367,679
365,680
365,679
364,679
364,680
365,681
364,681
363,682
363,683
362,684
360,685
356,686
355,686
349,685
348,684
348,683
347,682
346,682
347,681
347,680
346,680
345,679
344,677
342,676
339,675
338,675
337,674
336,674
330,675
327,677
326,678
325,678
324,677
323,677
316,678
314,678
313,678
312,679
311,679
305,680
304,680
303,681
302,681
301,682
300,682
297,681
296,681
295,682
293,683
292,684
292,685
291,688
290,688
290,689
289,690
288,692
289,691
296,685
298,686
299,686
303,685
305,684
306,683
307,683
310,682
311,682
312,681
313,681
313,682
314,682
316,683
317,683
319,684
322,686
323,685
324,686
325,686
327,687
328,688
328,689
329,692
333,695
334,696
334,697
335,697
336,698
341,702
342,703
343,703
344,702
345,702
346,701
346,700
347,699
348,700
349,699
350,700
352,701
353,702
354,702
356,703
357,703
358,704
363,708
363,709
364,710
363,710
363,711
362,711
361,712
357,715
354,716
353,716
352,717
351,717
350,718
349,720
349,719
348,718
347,719
346,719
345,720
346,720
349,721
349,722
350,723
350,724
351,727
351,728
350,728
346,729
345,729
342,728
340,727
339,726
338,726
337,725
336,725
335,724
334,724
333,723
332,723
330,722
329,722
328,721
326,720
325,719
324,719
323,718
322,718
320,719
319,719
320,719
322,720
323,720
324,721
325,721
326,722
334,729
335,730
336,730
337,729
338,729
341,730
343,731
349,732
350,732
353,731
354,731
356,732
356,733
357,735
358,735
359,736
364,740
365,741
366,741
367,742
367,743
368,744
368,745
369,745
369,746
370,747
371,749
370,749
369,750
370,753
371,753
372,754
373,756
372,757
373,758
373,759
374,762
374,763
375,764
377,765
378,766
380,767
381,768
381,769
382,770
383,772
384,773
385,773
385,774
386,775
386,776
387,777
387,778
388,779
388,780
389,787
389,788
390,790
390,791
391,792
391,793
392,794
393,796
394,797
394,798
395,799
395,800
396,801
396,802
397,803
397,804
396,806
395,807
395,808
396,810
396,811
397,814
397,815
398,817
398,818
399,820
399,821
400,822
400,823
401,824
401,825
402,826
405,830
406,831
408,834
409,836
410,836
411,837
411,838
412,839
412,840
413,841
413,843
413,844
414,846
414,847
413,847
412,848
412,849
411,853
411,854
410,855
410,856
411,857
411,858
410,859
409,859
408,860
406,863
405,864
405,865
404,866
403,865
402,865
400,866
400,867
399,868
398,867
397,867
396,868
395,868
392,867
390,866
390,865
389,865
386,866
385,866
383,867
382,867
381,866
380,865
377,864
376,865
375,865
370,864
369,864
369,865
368,865
366,866
365,866
361,867
360,867
359,866
358,867
357,867
356,866
355,867
354,867
353,868
352,868
351,867
350,868
350,869
349,869
347,868
346,868
345,867
344,867
343,866
342,866
341,865
339,864
338,865
337,865
334,866
333,866
331,867
330,867
329,868
328,868
327,869
326,869
325,870
323,871
317,870
316,870
313,869
312,869
311,868
310,865
309,865
299,864
296,862
295,861
294,861
293,860
290,858
289,857
288,857
282,858
281,858
279,857
278,857
277,856
278,854
277,853
276,853
275,852
273,849
272,849
271,848
270,846
269,846
267,847
266,847
264,846
263,846
256,847
256,849
257,849
261,848
262,848
267,849
268,851
269,852
269,853
270,853
270,854
271,855
272,856
273,856
274,857
274,858
275,860
278,864
279,865
280,865
281,866
281,867
280,867
279,868
278,867
277,867
276,866
275,866
274,865
273,865
271,866
270,867
266,866
264,865
263,864
255,857
256,858
256,859
257,861
262,865
263,866
263,867
264,868
265,868
267,869
268,869
271,868
272,869
277,873
279,874
280,874
280,873
279,871
279,870
280,869
283,870
284,872
285,873
286,875
287,876
290,880
291,881
292,883
293,884
294,886
295,887
295,888
294,888
292,887
292,886
291,885
290,885
289,884
288,884
286,885
285,886
283,886
279,883
277,884
276,884
275,885
274,885
274,884
273,884
272,885
271,887
270,888
269,888
266,887
265,887
263,888
261,889
260,890
260,891
261,891
262,890
263,890
264,889
264,888
265,888
265,889
266,889
271,888
272,888
273,887
274,887
275,886
275,887
276,888
277,888
281,887
281,888
282,892
282,893
281,895
282,896
282,897
283,899
283,900
284,900
285,901
286,901
289,902
291,903
291,904
292,906
292,907
293,908
296,910
298,911
300,912
301,913
304,915
304,916
305,917
306,917
307,918
311,921
312,922
312,923
313,924
314,926
315,927
316,929
317,929
317,930
318,931
321,933
323,934
324,934
325,935
326,935
328,936
329,936
330,937
330,938
331,939
335,944
336,945
336,946
337,948
337,949
338,950
337,950
337,951
338,951
339,952
339,953
338,955
334,956
334,957
335,961
337,964
338,965
338,966
339,968
340,969
340,970
341,973
341,974
340,974
335,973
334,973
332,974
331,975
330,975
329,974
328,974
328,975
327,975
325,974
324,974
322,975
321,976
321,977
320,977
319,976
318,974
319,973
320,972
322,971
322,970
321,969
319,969
318,969
317,970
316,970
312,969
311,969
310,970
311,971
311,972
310,972
309,971
308,971
303,970
302,970
300,969
297,967
297,966
296,965
296,966
295,966
289,965
288,965
288,966
287,966
286,967
285,966
284,966
283,967
282,969
281,969
281,968
280,966
280,965
279,965
278,966
277,966
275,965
274,964
273,964
272,965
271,965
271,964
270,963
270,962
269,962
268,963
267,964
266,964
263,963
261,960
260,960
259,959
259,958
258,957
258,956
257,955
256,955
257,956
257,957
258,959
259,961
259,962
258,966
257,966
256,967
255,967
255,968
254,968
250,969
249,968
249,967
248,962
247,962
245,961
245,960
244,958
243,957
241,956
241,955
240,954
240,955
241,957
241,958
242,959
242,960
243,960
244,961
244,962
245,963
246,965
245,966
244,966
243,967
242,968
241,968
241,969
240,970
239,972
238,971
239,970
239,969
238,969
237,968
237,967
238,966
238,965
237,966
236,968
235,972
234,972
233,973
232,973
227,974
225,974
225,973
224,969
224,968
223,967
223,966
222,965
221,965
220,964
219,964
219,963
218,961
218,960
219,959
220,958
221,957
221,956
220,955
218,952
219,951
220,949
218,950
216,951
216,950
215,947
215,948
214,949
213,949
212,948
213,947
214,947
215,946
214,945
214,944
215,943
215,942
216,941
216,940
217,937
218,936
220,935
221,934
222,934
222,933
221,933
219,934
217,935
215,934
214,934
210,935
209,935
209,936
208,935
208,934
209,934
209,933
208,933
207,932
205,932
205,933
204,933
204,934
203,934
202,935
201,935
201,934
200,933
201,932
203,929
204,928
204,927
205,926
206,925
205,925
206,924
206,923
207,923
208,922
208,921
207,921
207,920
206,919
207,918
207,917
206,915
206,914
205,914
203,915
202,914
201,915
200,917
199,918
198,918
197,917
197,916
196,915
196,914
197,914
197,913
198,913
199,912
198,911
198,910
199,910
200,909
201,909
202,908
203,907
203,906
204,903
205,903
207,902
209,901
211,900
212,899
212,898
211,898
210,897
211,897
213,896
215,893
216,892
217,890
218,889
218,888
217,886
216,887
216,888
215,890
215,891
214,892
208,897
207,896
206,896
203,897
203,898
202,899
199,898
200,896
203,895
203,894
204,893
206,892
207,891
208,891
208,890
209,889
209,888
208,888
207,889
205,890
203,891
202,893
201,894
200,894
199,895
197,896
197,895
196,894
196,893
195,892
195,891
194,890
194,891
193,891
191,892
190,892
190,893
189,898
188,898
185,897
184,895
185,891
186,890
186,889
187,889
187,888
186,885
186,884
185,884
185,883
186,882
186,881
185,881
184,882
183,884
182,885
182,886
183,887
182,888
181,890
180,893
179,893
176,892
175,892
174,891
173,880
174,879
175,879
176,878
177,878
178,877
179,877
180,876
181,875
181,874
180,873
179,874
177,875
175,874
174,872
173,870
173,869
172,868
172,867
173,867
175,866
177,863
178,861
179,860
180,860
180,859
179,859
180,858
182,857
190,856
190,855
189,854
188,855
187,855
182,856
181,856
180,855
178,854
177,855
177,856
176,858
176,857
175,857
174,858
173,858
172,859
172,860
171,860
171,861
170,861
168,860
168,859
167,855
167,854
166,852
166,851
167,846
168,846
169,845
169,844
170,843
170,842
171,842
171,841
170,840
170,839
171,836
173,835
176,836
178,837
179,838
181,839
182,840
183,840
184,839
183,838
182,838
181,837
182,836
183,836
183,835
184,835
184,834
183,834
182,833
181,833
181,834
180,834
178,833
177,832
177,831
176,831
176,830
175,828
175,827
176,827
182,826
183,827
184,826
185,826
187,827
188,826
188,825
187,825
185,824
184,824
180,823
180,822
181,821
181,820
180,818
177,814
178,812
179,812
182,811
184,810
184,809
185,807
186,807
186,806
185,805
184,806
183,806
183,807
182,808
180,809
179,810
178,810
177,809
176,809
174,808
174,807
173,806
172,806
171,805
171,804
170,804
170,803
171,801
172,801
172,800
173,799
174,800
175,800
176,799
177,799
177,798
176,797
177,796
177,795
178,794
179,794
180,793
180,792
179,792
176,793
175,795
174,797
174,798
173,798
168,797
167,797
167,796
166,789
165,787
166,786
166,785
165,785
165,786
164,786
163,785
162,785
162,784
163,783
164,783
167,784
168,784
172,783
171,783
170,782
170,781
171,780
172,780
172,779
171,779
169,778
168,778
164,777
164,776
163,775
163,774
164,773
165,773
166,772
165,772
163,773
162,772
162,771
161,769
161,770
160,771
157,772
155,771
146,770
145,770
144,769
143,768
142,767
142,766
143,764
144,763
145,763
146,762
147,762
147,763
148,763
153,762
154,762
156,761
157,761
157,762
158,763
159,763
159,762
160,762
161,761
162,762
163,762
164,761
165,761
166,762
169,764
173,763
176,761
183,760
182,760
174,761
173,761
172,762
170,762
169,762
168,761
166,760
165,759
164,759
162,760
161,759
160,759
160,760
159,760
158,759
158,758
157,758
154,757
155,756
155,755
156,754
156,753
157,751
157,750
158,750
158,749
159,748
161,747
162,746
163,746
165,745
166,745
167,744
168,744
169,743
170,743
171,742
172,742
173,741
174,740
175,741
176,741
177,742
178,742
179,743
182,747
183,748
186,752
187,752
188,753
189,755
190,756
191,755
192,756
195,760
196,761
199,762
200,763
201,763
201,764
202,766
203,768
204,769
209,775
210,776
212,777
212,776
211,775
209,772
208,771
206,768
205,767
202,763
201,762
202,761
203,761
205,760
204,760
202,759
200,758
198,757
198,755
197,754
197,753
196,752
195,752
194,751
194,750
193,749
193,748
192,747
192,746
191,745
190,743
189,742
188,740
187,739
187,738
187,737
188,738
190,738
191,736
190,735
191,735
191,734
190,734
186,733
185,731
184,731
183,730
182,730
180,729
179,728
179,727
180,727
180,726
181,726
182,727
182,728
183,729
185,730
184,729
183,727
182,726
182,725
181,723
180,722
179,721
177,720
175,719
174,717
175,717
175,716
174,714
174,713
173,711
173,710
174,707
174,706
175,706
175,707
176,711
176,712
175,713
175,714
176,714
177,715
177,716
178,718
178,717
177,714
177,713
178,712
179,713
180,713
183,714
184,714
184,713
183,712
182,712
181,711
180,711
179,710
180,710
180,709
179,707
179,706
178,705
178,704
177,703
176,701
177,700
178,702
179,703
180,703
179,699
179,698
178,697
179,696
180,696
180,695
179,695
176,694
175,692
174,691
174,690
173,689
173,688
172,687
172,686
171,685
170,683
169,682
169,681
170,678
170,679
171,680
171,681
172,682
173,684
174,685
176,686
175,684
174,682
173,681
171,678
170,677
170,676
171,673
176,677
176,676
176,675
175,675
174,674
174,673
173,672
173,671
172,670
171,668
170,665
170,664
171,662
173,661
173,660
173,659
174,658
175,659
176,659
177,660
178,660
179,661
180,663
181,664
182,664
182,665
183,666
184,666
183,665
183,664
182,663
182,662
181,662
180,661
176,658
175,657
175,656
174,655
174,654
173,653
172,651
171,651
170,650
170,648
169,647
169,646
168,643
168,642
167,639
166,637
165,627
165,626
164,621
163,621
162,620
160,617
159,615
159,614
160,607
161,606
162,606
165,607
167,608
170,607
171,607
172,608
174,609
174,610
175,611
177,614
176,617
176,618
175,619
175,620
176,620
176,621
175,621
175,622
176,623
176,624
177,626
178,628
179,630
179,631
180,632
180,633
181,637
182,638
181,640
181,641
182,646
182,647
183,650
183,651
184,652
184,653
185,654
188,656
189,657
190,657
192,658
192,659
191,663
191,664
190,665
190,666
189,667
188,669
187,670
187,671
186,672
186,673
185,679
185,680
186,688
186,687
187,685
189,684
190,685
190,686
191,686
192,687
193,690
194,690
195,691
195,692
196,693
198,696
199,697
203,700
205,701
206,701
207,702
207,703
208,706
208,707
209,708
211,709
212,709
214,710
215,710
216,711
217,711
218,712
219,712
218,711
216,710
215,709
213,708
212,707
211,707
210,706
210,705
209,704
209,703
208,701
205,699
204,698
203,698
201,697
201,696
200,695
200,694
199,693
198,693
198,692
197,691
195,688
194,686
194,685
193,684
192,684
192,683
191,681
191,680
192,679
192,678
191,677
191,676
192,670
193,668
194,667
195,666
196,667
197,666
197,665
198,665
199,664
199,665
198,669
198,670
197,671
197,672
198,673
200,676
201,678
201,677
202,676
207,672
208,673
207,676
207,677
206,679
206,680
207,679
209,676
210,672
210,671
211,668
214,667
214,668
215,670
216,672
217,675
217,676
218,677
218,678
219,679
218,680
217,680
216,681
216,682
218,681
219,681
219,682
220,689
220,690
221,691
221,692
220,694
219,696
220,697
220,698
219,700
219,701
220,701
220,700
221,699
221,698
220,696
220,695
221,694
222,694
223,695
224,697
225,699
226,701
227,702
227,703
228,704
229,704
229,703
228,703
228,702
227,701
227,700
226,699
226,698
225,697
225,696
224,695
223,693
222,692
222,691
221,690
221,689
222,683
222,682
223,680
224,680
227,681
227,682
226,682
226,683
225,684
224,686
223,688
223,689
224,691
224,690
225,689
225,688
226,686
226,685
227,684
230,682
231,681
232,679
233,678
234,677
235,677
237,676
239,675
241,674
242,674
245,673
244,673
238,674
237,674
232,675
231,675
230,676
229,676
228,677
226,678
223,677
222,677
221,676
220,676
220,675
219,671
219,670
220,661
220,660
221,658
221,657
220,653
220,652
219,652
218,651
219,648
220,646
221,646
222,645
222,644
223,643
222,642
223,642
224,641
225,641
227,640
228,639
229,639
230,638
232,635
233,634
233,633
232,632
231,632
232,631
233,629
234,628
234,627
233,623
233,622
232,619
231,619
228,618
227,618
226,617
225,615
224,614
224,613
223,610
222,610
222,609
221,608
220,608
220,607
219,601
219,600
218,599
218,598
217,595
214,591
213,590
211,589
210,588
209,586
208,583
208,582
207,581
207,580
206,579
205,577
206,571
206,570
207,568
207,567
208,566
208,565
207,561
206,561
205,562
204,564
203,565
203,566
204,568
204,569
203,571
203,572
202,573
202,574
201,574
200,573
199,573
198,572
197,571
197,570
196,569
197,568
196,567
196,566
197,561
197,560
198,559
198,558
199,555
205,548
206,547
207,545
208,544
208,543
209,542
210,541
209,540
209,539
210,538
209,537
209,536
210,533
213,531
214,530
215,530
216,531
215,531
214,532
215,535
215,536
214,536
214,537
213,537
213,538
212,541
212,542
211,545
211,546
210,549
210,550
211,551
211,552
212,553
213,553
214,554
215,554
216,555
217,555
217,556
218,556
220,555
221,554
221,553
222,552
223,552
225,551
226,551
227,550
232,546
233,545
234,543
235,541
236,541
236,540
237,539
240,537
241,536
242,536
243,535
244,535
245,534
246,534
247,535
249,538
248,538
248,539
249,547
249,548
249,549
248,549
247,550
246,550
245,551
245,552
244,555
244,556
245,557
245,558
246,558
247,557
248,556
248,555
249,554
250,554
251,553
253,552
255,551
255,552
256,553
258,554
258,553
257,553
257,552
258,551
258,550
259,548
260,548
260,547
261,546
261,545
262,545
264,544
266,544
266,545
267,550
267,551
268,550
268,549
267,546
267,545
268,544
269,544
272,543
273,543
274,544
276,545
277,546
278,546
279,547
280,547
280,548
281,548
283,549
282,550
281,552
282,552
282,553
283,552
284,552
283,553
283,554
284,555
284,554
285,553
286,553
288,554
290,555
291,556
292,556
292,555
293,555
297,554
298,554
298,555
299,556
299,557
300,558
299,559
299,560
298,561
298,562
299,563
299,564
300,566
301,565
302,565
307,566
309,567
309,566
310,565
311,565
318,564
319,564
319,565
320,565
325,564
326,564
327,565
328,565
332,566
333,566
332,565
330,562
331,562
332,561
331,560
330,560
326,561
325,561
324,562
322,563
321,562
320,562
318,561
318,560
319,559
320,558
319,557
318,557
316,558
315,557
310,553
310,552
309,551
309,550
308,548
308,547
307,541
307,540
306,539
305,539
304,538
303,536
302,535
302,534
301,533
299,530
298,529
298,528
299,527
299,526
298,524
298,523
297,519
297,518
296,517
296,516
295,515
294,515
294,514
295,513
295,512
296,512
297,511
297,510
298,509
298,508
299,507
301,504
302,503
304,500
305,499
305,498
306,497
306,496
307,495
308,495
307,494
308,493
308,492
309,487
309,486
310,485
310,484
311,483
312,481
313,480
313,479
314,478
315,478
316,479
317,478
318,478
319,479
319,480
318,481
319,482
320,484
321,485
321,484
322,483
322,482
321,479
321,478
320,476
319,476
318,475
317,473
317,472
318,468
318,467
319,465
320,463
321,462
322,462
323,463
322,463
321,464
320,465
320,466
321,468
322,468
323,467
323,466
324,466
325,467
328,471
329,472
329,473
330,474
331,476
332,479
332,480
333,482
333,481
334,480
334,479
333,479
333,478
334,477
335,475
336,473
337,473
338,474
339,474
339,475
340,476
340,477
341,478
342,478
343,479
344,479
345,478
344,478
344,477
345,475
346,473
347,471
347,469
347,468
346,466
344,465
343,464
342,464
342,463
341,462
341,461
340,460
340,459
341,458
341,457
342,455
343,455
343,454
344,453
344,452
343,452
343,451
342,450
341,450
337,449
336,449
333,448
332,448
331,447
330,437
330,436
331,431
331,430
332,429
332,428
333,427
334,427
341,426
339,425
338,424
338,423
337,422
334,420
333,419
333,418
332,417
331,415
330,414
330,413
329,412
328,410
327,409
327,408
328,405
330,402
331,398
331,397
332,396
333,394
334,391
334,390
335,388
339,385
340,384
344,381
345,382
346,382
347,381
348,381
348,382
349,384
350,384
353,385
354,385
353,384
351,383
349,382
349,381
350,380
349,379
348,379
347,378
346,378
344,377
343,377
340,378
336,383
335,384
335,385
334,386
333,388
332,391
332,392
331,393
331,394
330,394
328,393
326,392
325,391
324,391
323,390
322,390
321,389
320,387
321,386
326,380
327,378
328,376
327,372
326,372
325,373
318,379
317,380
315,381
314,382
313,384
312,385
309,384
308,384
305,383
304,383
302,382
301,382
300,381
299,381
298,380
297,380
296,379
295,379
293,378
292,378
291,379
290,379
284,380
284,381
283,381
282,382
282,383
281,382
280,382
278,383
278,384
277,384
275,383
276,383
277,382
277,381
278,379
277,379
275,378
274,378
273,377
272,377
271,376
270,376
268,375
267,375
266,374
265,374
264,373
263,373
261,372
260,373
259,373
257,372
256,372
255,371
254,371
253,370
250,368
249,367
246,365
244,364
244,363
243,363
241,364
240,364
239,365
240,367
241,369
240,368
236,366
236,367
235,368
234,368
233,369
232,372
232,373
231,374
230,375
229,375
226,376
225,378
225,379
224,380
223,380
221,381
222,384
223,384
224,383
225,383
226,382
227,382
228,381
227,380
227,379
228,379
229,380
229,381
228,384
228,385
229,385
229,386
230,388
230,389
229,390
229,391
230,393
233,394
234,394
238,395
239,395
243,394
244,394
247,393
248,393
249,392
249,391
248,389
249,389
249,388
250,387
251,387
251,386
252,385
252,384
253,382
253,381
254,380
256,381
257,381
258,382
259,382
264,381
263,380
262,378
261,377
261,376
260,375
259,375
258,374
254,371
253,370
252,368
251,366
250,366
249,365
249,364
248,363
247,363
246,362
244,361
243,360
243,359
242,351
237,347
236,346
235,346
235,345
234,344
230,341
226,340
225,340
224,339
222,338
222,337
221,336
221,335
220,334
219,334
219,333
218,333
217,332
217,331
216,329
215,327
214,326
214,325
215,324
216,324
216,325
217,326
218,326
219,325
220,326
221,326
223,327
225,328
227,327
228,327
229,326
229,325
230,323
230,324
231,325
232,325
233,326
232,327
232,328
233,330
234,331
233,331
234,332
234,333
235,334
236,334
239,335
240,336
242,335
243,335
244,336
245,337
249,338
250,338
252,337
253,337
255,336
256,337
258,338
258,337
259,337
260,336
259,336
258,335
257,335
256,336
256,335
257,332
257,331
256,327
255,325
256,324
257,322
258,321
259,319
260,318
260,317
261,316
262,314
261,313
260,311
258,310
258,309
257,308
257,307
256,305
256,304
257,302
258,300
259,299
259,298
260,296
261,296
264,297
265,297
266,296
264,295
263,294
262,294
260,295
259,294
259,293
260,292
260,291
259,288
258,286
257,279
257,278
256,277
256,276
255,274
255,273
254,272
254,271
253,270
251,267
250,266
247,264
246,263
245,263
244,262
241,260
237,259
232,255
231,254
230,254
230,253
229,252
228,252
225,253
224,253
223,252
222,252
217,251
216,251
216,250
215,249
213,250
213,249
212,249
212,248
211,247
211,246
210,245
207,243
205,242
205,241
204,240
202,241
201,241
200,240
199,239
198,238
197,238
195,239
194,240
192,241
191,241
188,240
189,239
189,238
188,238
188,237
187,235
187,234
186,234
184,233
183,233
180,232
179,231
178,231
177,230
175,229
172,228
173,228
173,227
172,226
172,225
173,224
173,223
174,224
175,224
181,223
182,223
185,222
185,221
186,219
186,218
185,212
184,213
183,213
181,212
179,211
179,210
178,209
176,208
177,208
177,207
178,208
179,207
179,206
180,206
180,205
181,203
182,204
182,205
181,206
182,206
186,207
187,206
187,205
188,205
194,204
195,205
196,205
197,204
196,204
195,203
195,202
194,202
194,203
193,203
191,204
190,204
189,203
190,203
190,202
189,202
187,203
187,204
186,204
185,203
184,203
185,202
185,201
186,201
188,200
189,199
189,198
188,197
188,196
189,196
190,195
191,195
192,194
193,195
194,194
195,194
196,193
197,193
198,194
199,194
199,195
200,196
202,197
202,198
203,198
206,197
207,197
209,198
209,199
210,199
211,198
212,198
212,199
213,200
213,201
214,202
214,204
214,205
215,206
217,207
219,208
220,208
221,207
222,207
223,208
224,208
226,207
227,207
233,208
232,208
231,209
231,210
230,211
231,212
231,213
232,212
231,211
232,210
233,210
235,211
236,213
237,214
238,214
237,213
237,212
236,210
236,209
237,207
238,207
240,206
239,206
236,205
237,204
237,203
238,202
241,200
242,199
242,200
243,200
247,201
248,201
249,200
250,200
250,199
251,198
252,198
253,198
256,197
255,197
254,196
253,196
252,195
251,195
250,194
249,194
248,195
247,195
245,196
244,196
244,195
243,194
241,193
241,192
241,191
240,187
241,187
243,186
244,186
245,185
246,185
251,186
252,188
253,188
255,187
256,187
257,186
258,187
259,187
262,188
262,190
262,191
263,192
264,192
269,193
270,193
273,192
274,190
277,186
278,184
278,183
279,180
280,178
281,177
283,176
284,177
285,177
286,176
286,175
287,174
290,170
291,169
292,169
294,168
295,168
298,167
299,167
303,166
304,166
308,167
309,167
311,166
312,166
313,167
314,167
318,168
319,168
319,169
320,173
321,174
321,175
322,176
325,178
326,179
329,181
330,182
331,182
331,183
332,184
332,183
333,183
334,182
335,182
339,183
340,183
342,184
343,184
344,185
346,186
347,187
348,187
351,188
352,189
354,190
354,191
355,190
355,191
356,193
356,194
357,195
357,196
358,197
361,199
362,200
363,200
364,201
365,201
365,202
366,203
367,203
366,201
366,200
365,199
363,198
362,197
361,195
360,194
360,193
359,192
359,191
358,190
357,188
356,187
354,184
353,183
353,182
352,181
351,178
350,178
349,177
348,177
344,176
339,170
338,168
336,167
333,166
333,165
332,163
331,162
332,161
331,160
331,159
330,159
330,158
330,157
329,155
329,154
330,151
330,150
329,147
327,146
325,145
324,146
323,146
318,145
317,145
314,144
313,144
311,143
310,143
306,144
305,144
300,145
298,146
297,147
295,148
294,149
293,149
289,148
288,148
285,149
284,149
280,150
279,150
276,151
275,151
274,150
273,150
269,149
268,149
267,150
266,150
264,149
263,149
262,148
261,148
257,147
256,148
254,148
253,148
250,147
249,147
246,146
245,146
245,145
245,144
244,141
242,140
243,140
243,139
244,138
245,137
245,136
246,132
247,132
247,131
246,131
245,131
245,132
244,132
244,131
243,129
242,129
241,128
241,127
240,126
237,124
232,125
229,127
227,128
226,128
223,127
222,126
222,125
221,119
221,118
220,116
220,115
219,101
218,100
216,99
215,98
214,98
214,97
213,97
213,96
212,94
212,93
211,93
210,92
208,91
207,90
206,90
205,89
205,88
204,86
204,85
203,83
203,82
202,81
201,81
196,80
195,80
194,81
193,81
193,80
194,79
193,79
193,78
194,75
194,74
193,74
192,75
191,77
191,78
190,77
189,77
189,76
188,76
186,77
185,77
185,76
186,75
186,74
185,73
185,72
184,71
185,70
185,69
184,67
184,66
183,63
181,62
180,63
180,62
179,62
178,61
177,61
177,60
176,59
176,58
175,54
174,54
173,53
173,52
172,52
170,51
170,50
169,49
169,48
168,47
167,47
166,46
164,45
163,44
161,43
159,44
158,43
158,42
157,40
154,39
153,39
152,40
152,41
151,41
146,40
144,39
143,38
140,36
137,35
136,33
135,32
135,31
136,30
136,29
135,26
134,25
134,25
-1,-1
87,8
88,9
89,9
89,8
88,7
87,8
87,8
87,8
-1,-1
90,10
91,10
93,11
92,13
91,13
91,12
90,11
90,10
90,10
90,10
-1,-1
87,14
88,14
88,15
89,15
89,14
90,14
90,15
89,16
89,17
88,17
88,16
87,15
87,14
87,14
87,14
-1,-1
91,16
92,16
93,15
94,15
95,16
94,16
92,17
91,16
91,16
91,16
-1,-1
430,85
431,85
434,86
435,86
437,85
440,83
441,82
442,82
443,81
446,79
447,78
451,75
452,76
453,76
455,77
456,77
458,78
458,79
459,81
459,82
460,84
462,85
464,86
465,89
464,89
464,90
463,91
463,92
462,92
460,93
459,93
455,94
454,94
453,95
450,96
449,97
448,96
447,96
446,95
446,94
445,93
444,93
442,92
441,92
439,91
437,90
433,89
433,88
432,87
430,85
430,85
-1,-1
213,143
213,144
214,147
214,146
213,143
213,143
213,143
-1,-1
160,209
160,209
-1,-1
171,224
171,222
169,223
171,224
-1,-1
171,209
173,208
175,209
172,210
171,209
-1,-1
175,205
174,206
173,205
174,204
175,205
-1,-1
213,197
215,197
215,196
213,196
213,197
-1,-1
212,320
212,322
214,322
212,320
-1,-1
215,465
216,465
217,466
217,467
218,466
219,466
220,467
221,467
221,468
222,469
223,469
224,468
225,466
226,466
226,467
227,468
228,468
228,467
229,466
229,467
230,469
232,470
234,471
235,472
235,473
236,473
238,474
238,476
239,477
240,477
242,478
244,481
245,484
246,485
246,486
247,487
248,489
249,490
249,491
250,491
250,492
249,492
248,493
247,493
246,494
245,495
245,496
246,499
246,500
247,502
247,503
246,505
244,504
243,504
241,503
240,503
239,502
238,502
237,501
234,497
233,495
232,493
231,491
230,489
229,488
225,485
225,484
224,484
223,483
223,482
222,480
222,479
221,479
221,478
222,477
222,476
221,474
221,473
220,472
219,470
219,469
218,468
215,466
215,465
215,465
215,465
-1,-1
197,620
198,620
200,621
201,621
205,622
205,623
206,628
205,629
204,629
203,630
203,631
204,632
205,633
205,634
204,635
202,636
201,637
202,638
203,640
202,644
202,645
201,648
197,651
196,652
195,652
193,651
192,651
191,650
191,649
190,649
189,648
188,646
187,645
187,644
186,642
186,641
187,640
187,639
188,638
188,637
189,636
189,635
188,631
188,630
189,629
190,628
190,627
191,624
194,622
194,621
195,621
197,620
197,620
197,620
-1,-1
209,652
210,652
211,653
210,655
210,656
211,656
212,657
212,658
211,659
211,660
210,665
208,666
208,667
207,668
208,669
207,670
205,671
204,672
204,673
203,674
201,675
200,674
199,672
200,670
200,669
201,668
201,667
202,666
203,666
204,665
203,664
203,663
204,662
204,661
205,658
207,657
208,655
209,653
209,652
209,652
209,652
-1,-1
215,654
216,655
217,655
217,654
218,655
218,656
217,659
216,658
216,657
215,656
215,655
215,654
215,654
-1,-1
129,640
130,640
132,641
133,641
133,642
134,643
135,645
136,646
137,645
138,645
141,646
142,646
144,647
145,648
145,649
146,650
147,650
147,651
146,653
146,654
147,655
147,656
146,656
146,657
145,662
144,664
143,665
143,666
142,674
142,675
143,678
143,679
142,679
140,678
139,678
137,677
134,675
133,674
131,673
131,672
130,671
130,670
129,669
129,668
130,667
129,667
128,668
129,671
129,672
130,674
130,675
129,675
128,674
124,671
123,672
122,671
121,671
121,670
120,666
119,665
119,664
120,664
121,663
121,662
120,661
120,660
119,660
118,659
118,658
117,657
118,656
117,655
116,653
117,652
119,652
121,653
122,654
125,658
126,659
126,660
127,662
127,663
128,663
133,662
132,660
131,660
130,659
129,659
128,658
128,657
129,655
131,654
131,653
132,652
132,651
131,648
129,647
128,646
127,644
128,641
129,640
129,640
129,640
-1,-1
152,663
152,664
153,666
153,667
154,671
155,671
156,672
157,673
158,673
158,674
159,677
160,679
161,681
161,682
162,682
162,683
163,684
163,685
164,686
165,688
166,689
166,690
167,691
167,692
168,693
169,695
170,696
171,698
170,701
169,701
168,700
167,700
167,699
166,699
166,698
165,697
164,698
163,697
163,696
162,695
161,695
160,694
159,694
158,693
154,690
153,689
153,688
152,687
151,686
151,685
150,683
151,683
152,682
153,682
155,681
154,681
152,680
151,680
148,679
146,676
145,675
144,673
145,666
145,665
146,664
147,664
147,663
148,663
152,663
152,663
-1,-1
135,687
136,688
138,689
138,690
139,691
139,693
140,694
140,695
141,695
141,696
142,698
143,700
142,701
141,700
140,698
139,698
137,697
136,695
135,694
135,693
134,691
135,691
136,690
135,690
134,689
135,688
135,687
135,687
135,687
-1,-1
125,722
126,722
128,723
129,725
128,726
127,725
126,725
126,724
127,724
127,723
126,723
125,722
125,722
125,722
-1,-1
129,719
130,719
131,718
132,718
132,717
133,717
136,716
137,717
137,718
138,719
138,718
139,718
139,719
140,719
141,718
142,718
145,719
146,719
152,720
155,721
156,721
157,722
158,723
161,725
162,724
161,722
161,720
162,720
164,721
165,721
166,722
167,722
168,723
169,723
170,724
172,727
173,728
174,728
174,729
175,731
175,732
174,735
173,736
172,737
171,739
170,739
168,740
167,742
166,742
165,743
165,742
164,742
163,743
162,743
158,744
157,744
156,745
156,746
155,749
155,750
154,751
154,752
153,753
153,754
152,755
151,755
151,756
150,757
148,758
148,759
147,759
145,758
144,758
142,757
141,757
141,756
140,754
139,755
138,754
137,754
135,753
136,751
136,750
135,749
134,749
133,748
133,747
134,746
135,746
136,745
137,745
141,744
142,744
143,743
145,742
145,741
144,740
143,740
142,741
140,742
135,741
136,740
138,739
139,739
141,738
142,738
145,739
145,740
146,739
147,739
150,740
151,740
153,741
154,741
154,740
153,739
152,738
149,736
145,735
145,734
144,733
144,732
143,731
142,731
141,730
140,728
141,726
142,726
144,727
145,727
148,728
149,728
150,729
151,729
152,730
153,729
152,729
152,728
151,726
150,726
148,725
147,725
145,724
144,724
139,725
138,725
137,724
138,723
138,722
137,722
136,723
135,725
134,725
132,726
131,726
130,725
130,724
129,720
129,719
129,719
129,719
-1,-1
179,736
180,737
181,737
182,738
184,739
185,740
185,741
186,742
189,746
188,745
187,745
186,744
181,740
180,739
180,738
179,737
179,736
179,736
179,736
-1,-1
93,740
94,740
95,741
96,740
96,739
97,739
99,740
100,743
100,744
101,744
103,743
104,743
104,744
105,745
104,746
104,747
105,747
110,748
110,749
109,749
108,750
107,749
106,749
102,748
101,748
101,747
100,747
99,748
98,748
94,747
94,745
94,744
93,741
93,740
93,740
93,740
-1,-1
112,751
113,752
113,753
114,753
115,752
116,753
117,753
120,754
121,754
121,755
122,755
122,756
123,756
124,757
125,759
126,760
126,761
127,762
127,763
126,764
124,763
123,763
122,762
120,761
120,760
119,760
118,759
117,759
117,758
116,757
115,756
115,755
114,755
114,754
113,754
112,753
111,753
111,752
112,751
112,751
112,751
-1,-1
149,783
149,784
150,788
150,789
149,791
148,791
147,790
146,788
144,787
144,786
145,784
146,784
147,783
148,783
149,783
149,783
-1,-1
134,793
135,793
136,792
138,791
139,792
141,793
141,794
142,795
142,796
143,798
143,799
142,799
140,800
141,800
142,801
141,802
140,803
138,804
138,805
137,805
137,804
136,804
134,803
133,803
133,802
132,801
131,801
130,800
130,799
131,798
134,796
134,795
134,793
134,793
-1,-1
120,804
121,804
123,805
124,805
126,804
127,804
128,805
128,806
127,807
126,807
123,806
122,806
120,805
120,804
120,804
120,804
-1,-1
156,799
157,799
158,800
159,800
160,801
161,801
162,802
164,803
164,804
165,806
166,808
167,809
168,809
170,810
170,811
171,815
172,815
174,816
175,816
176,817
178,820
179,821
179,822
180,824
179,825
178,825
176,826
175,826
171,825
170,825
167,824
165,823
164,824
163,826
162,826
161,827
158,831
159,833
162,832
163,832
164,831
164,830
163,828
161,827
159,828
158,829
157,829
156,828
154,827
154,828
155,829
156,829
157,830
156,830
156,831
155,832
153,833
152,836
152,837
151,838
151,839
152,839
152,840
151,843
150,843
150,844
151,846
152,847
152,848
153,863
152,863
152,864
151,865
151,866
150,867
150,868
149,868
147,869
147,870
146,873
146,874
145,874
144,875
144,876
143,877
142,876
141,876
141,875
140,873
138,872
137,871
136,870
136,869
137,868
137,867
138,864
138,863
139,863
139,862
138,862
137,861
138,859
138,858
139,856
139,855
140,854
141,852
140,852
140,853
139,854
138,854
138,855
137,857
137,856
136,855
135,855
135,854
134,853
134,854
135,856
134,856
133,855
132,856
131,858
130,859
129,859
129,860
128,860
127,861
126,864
126,865
125,866
123,867
123,866
122,861
123,860
126,856
127,855
126,854
125,855
125,856
124,856
123,855
123,853
123,852
124,850
124,849
123,848
122,848
122,849
121,850
121,851
120,851
120,852
119,854
118,856
117,857
116,856
116,855
117,850
116,850
115,851
114,851
113,850
114,848
115,847
115,846
116,845
116,844
117,841
118,841
118,840
119,839
120,839
122,838
124,837
125,836
126,837
126,838
127,842
127,843
128,843
128,842
128,841
129,841
131,842
130,841
130,840
131,840
131,839
132,839
132,838
133,837
136,836
138,833
139,832
140,832
140,831
139,831
138,832
137,834
136,835
135,835
135,836
134,836
133,835
131,834
130,833
130,832
131,831
131,830
132,829
132,828
133,827
133,826
134,825
134,824
135,824
136,825
137,825
138,824
137,824
135,823
135,822
136,820
138,819
140,820
141,820
141,819
140,818
139,817
139,816
140,816
141,817
142,817
147,818
148,819
150,818
151,818
151,819
152,818
152,817
151,813
152,812
153,812
154,813
154,814
155,815
155,816
156,817
157,818
157,819
158,820
158,819
159,818
159,817
160,816
166,815
165,815
162,814
162,813
161,813
159,812
158,810
157,807
157,806
156,805
156,804
155,803
156,802
156,801
156,799
156,799
-1,-1
156,834
157,834
159,835
159,836
160,837
160,838
159,839
159,840
158,843
158,844
159,846
160,848
161,849
161,850
162,854
162,855
163,857
163,858
164,860
163,861
162,861
162,860
161,857
161,856
160,854
161,853
160,852
159,852
158,851
159,850
159,849
158,848
156,847
155,845
156,834
156,834
156,834
-1,-1
56,779
57,780
56,781
55,781
55,782
54,782
55,783
55,784
56,784
57,785
57,784
56,781
55,781
55,780
56,779
56,779
56,779
-1,-1
62,794
62,795
63,795
64,796
64,797
65,798
67,797
68,797
70,798
70,799
71,800
73,801
73,802
72,803
72,804
71,804
70,805
70,806
71,806
71,807
70,809
70,810
69,810
69,809
68,805
67,805
66,804
65,803
65,802
64,800
63,800
62,799
62,798
61,796
62,796
63,795
64,795
65,794
64,794
62,794
62,794
-1,-1
81,812
80,812
78,811
79,808
80,808
80,809
81,811
81,812
81,812
81,812
-1,-1
83,813
84,814
84,815
83,816
83,817
82,818
81,818
79,819
80,819
83,820
83,821
82,825
82,826
81,827
80,828
81,828
83,829
84,830
84,831
85,833
86,833
87,834
86,836
86,837
85,838
85,839
86,840
86,841
85,841
84,842
83,844
82,845
80,846
80,847
81,847
84,846
85,846
86,845
87,845
88,846
88,847
87,851
88,852
88,853
89,854
91,855
91,856
92,857
92,858
93,861
93,862
94,864
94,865
95,866
95,867
94,868
93,867
92,867
92,868
93,869
94,870
95,869
96,869
96,870
97,871
98,873
99,874
99,875
98,875
93,876
92,877
92,878
91,878
91,879
90,880
89,881
90,882
90,883
91,884
92,884
94,883
93,882
92,882
92,881
91,880
90,879
89,879
89,878
88,878
88,877
87,877
86,876
85,876
83,877
83,878
84,879
83,880
83,879
82,878
81,878
82,877
81,876
80,876
80,875
79,874
79,873
78,874
77,874
77,875
76,876
74,877
73,876
72,875
72,874
71,873
71,872
70,871
69,870
70,870
70,869
71,869
71,868
72,867
73,866
74,866
75,865
76,864
77,862
78,861
78,860
79,858
79,857
78,856
77,856
76,855
76,854
77,850
78,849
78,848
77,847
76,847
75,846
74,846
74,845
75,844
75,843
74,835
74,834
73,833
73,832
72,830
72,829
73,827
73,826
74,817
74,816
75,814
76,814
82,813
83,813
83,813
83,813
-1,-1
99,899
100,899
101,900
101,901
102,900
104,900
104,901
103,903
101,902
101,901
100,901
99,900
99,899
99,899
-1,-1
104,882
104,883
105,883
106,884
107,885
108,885
109,886
110,886
110,887
111,890
112,890
115,891
116,892
117,891
118,891
119,892
119,893
118,894
117,896
116,897
115,898
116,898
116,899
117,900
118,899
120,898
121,897
121,896
122,894
123,894
124,895
123,897
123,898
122,901
122,902
123,902
123,903
124,903
124,902
125,902
126,901
127,901
127,902
126,903
126,904
127,905
127,904
128,903
128,902
129,901
131,902
132,903
134,903
135,903
136,904
137,906
137,907
138,910
141,911
142,911
142,912
143,913
143,914
142,914
141,915
142,915
142,916
141,922
140,922
139,923
139,924
140,924
143,925
142,931
142,932
143,932
144,932
144,931
145,931
147,932
148,932
149,931
149,930
150,930
150,929
151,929
152,930
153,930
153,931
154,931
155,932
156,934
157,937
157,938
156,938
155,937
154,937
153,936
153,935
152,934
151,934
150,933
149,933
148,932
147,933
145,934
144,935
145,935
145,936
146,936
147,937
146,938
146,939
147,939
149,940
150,942
152,943
153,945
156,947
155,948
154,950
155,953
155,954
156,955
157,955
157,956
156,957
156,958
155,962
154,963
154,964
153,965
152,966
151,966
151,965
150,964
150,963
149,963
147,962
144,960
143,959
142,959
141,958
136,954
135,953
135,952
134,951
133,951
131,950
129,949
128,950
127,950
127,949
126,948
125,948
123,947
120,945
119,944
118,944
117,943
118,942
118,941
119,938
120,936
121,935
121,934
120,934
119,935
118,937
116,938
116,939
115,940
115,941
114,942
114,941
113,940
113,939
114,938
114,937
115,936
114,936
114,935
115,934
116,934
115,933
114,933
114,932
113,932
111,933
111,934
112,934
112,935
111,936
110,937
111,937
111,938
110,939
109,938
107,938
106,938
105,939
104,938
103,936
102,933
100,932
99,929
99,928
98,928
98,927
99,925
99,924
100,920
102,920
104,920
103,920
102,919
102,918
101,917
102,917
102,916
103,916
103,915
102,915
102,914
101,914
100,915
99,914
99,913
98,913
97,914
96,914
95,915
95,916
96,917
97,917
98,916
99,914
98,912
99,912
100,911
101,909
101,908
102,908
103,907
104,907
107,906
108,906
109,905
110,905
111,904
112,904
113,903
112,903
113,902
113,901
109,902
108,902
107,901
107,900
108,899
109,898
109,897
103,896
103,895
102,894
101,894
100,893
100,892
99,891
98,892
99,893
99,894
98,894
97,895
96,895
96,894
97,891
98,891
98,890
99,889
100,887
101,887
102,886
102,885
103,884
103,883
104,882
104,882
104,882
-1,-1
10,897
11,897
10,898
10,899
11,899
11,900
10,901
9,901
7,902
6,902
6,901
7,901
8,900
8,899
9,898
10,897
10,897
-1,-1
334,976
335,976
336,977
335,979
335,978
334,977
334,976
334,976
334,976
-1,-1
335,989
334,989
332,988
331,988
330,989
329,989
329,988
328,988
327,989
326,989
324,990
324,991
323,992
323,993
322,994
321,996
320,999
319,999
317,1000
318,1001
318,1002
319,1004
319,1005
320,1005
322,1006
323,1005
324,1005
324,1004
325,1003
327,1002
329,1001
330,1000
330,999
331,997
331,996
330,995
331,995
331,994
332,994
332,993
331,992
330,992
329,991
328,991
328,990
329,989
330,990
330,991
331,991
334,990
335,989
335,989
335,989
-1,-1
332,995
332,996
333,997
333,996
334,995
333,995
332,995
332,995
-1,-1
334,993
334,994
335,995
337,996
337,995
336,995
336,994
337,994
338,993
337,992
337,993
336,993
336,992
335,992
334,993
334,993
334,993
-1,-1
347,998
347,997
346,997
345,996
346,995
347,995
349,994
349,993
348,992
347,990
346,987
347,986
347,985
346,983
344,984
343,985
343,986
342,990
341,992
342,992
342,991
343,991
343,992
342,994
341,994
340,993
341,993
342,994
343,994
347,995
348,995
350,996
349,997
349,998
348,999
347,998
347,999
348,1000
348,1001
349,1002
350,1001
351,1001
352,1000
352,999
353,999
353,1000
354,1001
354,1002
355,1003
356,1003
357,1004
358,1004
359,1005
358,1009
357,1009
356,1008
354,1007
355,1006
355,1005
354,1004
354,1005
353,1005
352,1006
352,1007
351,1008
352,1009
353,1009
355,1010
354,1012
353,1011
352,1011
350,1010
348,1009
347,1010
348,1011
349,1012
348,1012
348,1013
347,1014
346,1013
345,1012
344,1013
343,1013
342,1014
341,1014
340,1013
339,1013
336,1014
337,1014
337,1015
338,1015
338,1016
339,1016
340,1017
339,1018
340,1018
342,1017
342,1018
341,1022
340,1023
340,1024
339,1026
339,1027
338,1027
338,1026
337,1026
336,1027
334,1028
333,1029
331,1030
327,1029
326,1029
324,1028
325,1028
324,1027
323,1024
323,1023
322,1019
322,1018
323,1009
324,1008
325,1008
326,1009
327,1009
327,1010
328,1011
329,1010
329,1009
330,1005
330,1004
331,1003
332,1003
333,1004
334,1004
335,1005
336,1005
338,1006
339,1006
342,1007
344,1008
345,1005
345,1004
346,1003
346,1002
347,1001
348,1001
348,1001
-1,-1
325,1005
326,1004
327,1005
327,1006
326,1006
325,1007
325,1006
325,1005
325,1005
-1,-1
347,1016
348,1016
348,1017
349,1016
350,1016
352,1015
353,1015
354,1016
354,1017
353,1018
353,1019
354,1020
354,1021
353,1022
352,1022
352,1021
351,1019
350,1019
349,1020
348,1020
347,1018
347,1017
347,1016
347,1016
-1,-1
361,1021
362,1021
363,1022
364,1025
365,1024
365,1023
366,1021
368,1022
369,1022
370,1023
369,1023
369,1024
368,1026
365,1027
366,1028
367,1028
367,1029
366,1028
365,1029
364,1029
364,1030
365,1030
364,1031
363,1030
362,1030
362,1029
363,1028
364,1026
363,1025
362,1024
361,1023
361,1022
361,1021
361,1021
-1,-1
355,1028
356,1029
357,1029
358,1030
357,1030
357,1031
358,1036
358,1037
359,1038
359,1039
358,1040
357,1039
357,1040
356,1040
355,1038
356,1036
356,1035
355,1033
354,1034
353,1034
353,1033
354,1032
354,1031
355,1031
355,1030
355,1028
355,1028
-1,-1
360,1033
361,1033
361,1034
362,1035
362,1036
363,1036
363,1037
364,1038
364,1039
365,1039
367,1038
368,1038
368,1039
369,1039
371,1038
371,1039
372,1042
372,1043
373,1044
374,1044
376,1043
377,1043
379,1044
378,1044
376,1045
376,1046
375,1047
375,1046
374,1045
373,1045
372,1044
370,1043
370,1042
369,1042
367,1043
368,1044
369,1047
368,1047
368,1046
367,1045
366,1045
365,1046
365,1045
366,1043
366,1042
365,1041
364,1041
363,1040
362,1038
361,1037
360,1037
360,1036
360,1033
360,1033
-1,-1
347,1027
348,1028
348,1029
347,1032
346,1031
346,1030
347,1028
347,1027
347,1027
347,1027
-1,-1
345,1028
345,1029
344,1031
345,1032
346,1032
346,1033
345,1033
345,1034
344,1034
343,1033
342,1033
340,1034
340,1035
339,1035
337,1034
337,1033
336,1032
336,1031
337,1031
337,1030
338,1029
341,1027
344,1028
345,1028
345,1028
345,1028
-1,-1
350,1038
350,1039
351,1040
351,1041
352,1040
352,1041
351,1043
350,1043
350,1044
349,1045
349,1046
348,1046
347,1047
346,1047
345,1048
344,1048
344,1049
345,1049
346,1050
345,1053
344,1052
344,1051
343,1050
341,1049
340,1050
339,1050
340,1049
340,1048
341,1048
342,1047
342,1046
343,1043
345,1043
346,1043
346,1044
345,1045
346,1045
348,1044
348,1043
349,1042
350,1042
350,1041
349,1039
350,1038
350,1038
350,1038
-1,-1
350,1049
350,1050
351,1054
351,1055
350,1056
349,1055
349,1054
348,1052
348,1051
349,1050
350,1049
350,1049
350,1049
-1,-1
376,1051
377,1052
377,1053
378,1055
379,1056
378,1056
375,1055
375,1054
376,1052
376,1051
376,1051
376,1051
-1,-1
420,1070
421,1070
421,1071
422,1071
422,1072
423,1072
423,1073
422,1073
422,1074
421,1074
420,1073
420,1072
419,1071
420,1070
420,1070
420,1070
-1,-1
441,1108
441,1109
440,1111
441,1111
441,1112
440,1115
441,1115
441,1116
442,1119
442,1120
441,1122
441,1123
442,1123
443,1122
443,1123
444,1123
444,1122
445,1121
444,1122
445,1123
444,1124
444,1125
443,1126
443,1127
444,1128
446,1129
445,1129
445,1130
444,1131
444,1132
445,1136
445,1137
444,1138
444,1139
445,1138
446,1138
446,1139
447,1139
447,1140
448,1141
448,1142
449,1142
449,1141
450,1137
451,1136
452,1136
452,1137
453,1140
453,1141
454,1140
454,1139
455,1139
455,1140
454,1141
453,1142
452,1142
452,1143
451,1145
450,1144
449,1144
448,1143
447,1142
446,1143
447,1144
447,1145
446,1146
444,1145
445,1146
445,1147
446,1147
446,1148
445,1148
444,1148
445,1149
445,1150
444,1150
444,1151
444,1153
444,1154
445,1154
445,1153
446,1153
446,1152
447,1151
447,1152
448,1153
449,1153
450,1154
449,1154
449,1155
448,1155
447,1156
448,1157
450,1158
450,1159
451,1160
450,1160
449,1161
448,1161
447,1162
446,1161
446,1162
445,1163
446,1163
450,1164
451,1164
451,1165
450,1168
449,1168
449,1167
448,1166
448,1167
449,1169
452,1173
451,1174
451,1173
450,1173
450,1172
449,1171
449,1172
448,1171
448,1170
447,1169
447,1168
446,1167
446,1168
445,1170
445,1171
444,1171
443,1170
441,1169
442,1170
446,1173
446,1174
445,1174
445,1175
445,1176
444,1175
444,1176
443,1179
442,1179
441,1178
441,1177
440,1176
440,1177
439,1178
439,1177
438,1176
439,1175
440,1175
441,1174
440,1174
439,1173
438,1173
436,1172
436,1171
435,1168
434,1168
434,1169
435,1169
435,1170
436,1173
436,1174
437,1174
437,1175
438,1178
438,1179
437,1179
437,1180
436,1182
437,1183
436,1183
435,1184
436,1184
438,1185
437,1188
437,1189
438,1189
438,1190
437,1194
436,1194
436,1193
435,1192
432,1193
432,1192
431,1191
432,1191
431,1190
431,1189
430,1187
428,1184
429,1182
429,1181
428,1182
426,1185
425,1185
424,1185
424,1184
423,1181
422,1181
421,1180
420,1178
421,1177
422,1177
424,1178
425,1179
425,1178
426,1178
428,1177
427,1175
427,1176
428,1177
429,1178
430,1179
430,1178
429,1176
429,1175
430,1174
431,1174
430,1173
430,1172
431,1170
432,1170
432,1169
433,1168
433,1167
434,1166
434,1165
433,1163
432,1163
430,1164
429,1165
429,1166
430,1166
430,1167
431,1167
434,1166
435,1167
435,1168
436,1168
436,1167
435,1166
435,1165
436,1165
439,1164
438,1164
437,1163
436,1162
435,1161
434,1156
434,1157
433,1160
432,1160
431,1161
430,1161
429,1162
428,1161
429,1160
429,1159
430,1159
430,1158
429,1158
429,1157
428,1158
428,1159
427,1160
426,1159
425,1157
424,1157
424,1156
423,1157
422,1157
422,1158
421,1158
417,1157
417,1156
418,1155
417,1154
417,1153
418,1150
419,1149
422,1147
422,1146
423,1146
425,1145
426,1144
427,1144
427,1143
428,1142
430,1141
430,1140
431,1141
431,1142
432,1143
433,1144
434,1146
435,1147
435,1148
436,1148
436,1147
437,1147
437,1148
438,1149
439,1149
438,1148
438,1147
439,1144
439,1145
440,1146
440,1145
439,1143
439,1142
440,1139
441,1140
441,1139
440,1136
439,1134
438,1132
438,1131
437,1129
437,1130
438,1131
437,1132
437,1131
436,1130
436,1129
435,1129
435,1130
436,1130
436,1131
437,1134
437,1135
438,1136
438,1137
439,1136
439,1137
440,1138
440,1137
439,1132
439,1131
438,1127
438,1126
437,1125
437,1124
438,1121
437,1121
436,1122
436,1121
437,1120
437,1119
436,1118
436,1117
435,1115
434,1113
435,1112
436,1112
437,1111
437,1112
438,1113
438,1112
439,1111
438,1110
439,1109
439,1110
440,1110
440,1109
441,1108
441,1108
441,1108
-1,-1
395,1137
396,1137
397,1136
397,1137
398,1139
398,1140
397,1141
396,1141
394,1140
394,1139
395,1138
395,1137
395,1137
395,1137
-1,-1
415,1160
416,1160
416,1159
417,1159
418,1160
419,1160
418,1161
419,1161
419,1162
418,1162
415,1161
415,1160
415,1160
-1,-1
454,1160
455,1160
457,1161
457,1162
458,1163
459,1165
460,1166
459,1166
457,1165
456,1164
455,1164
454,1163
454,1162
453,1161
454,1160
454,1160
454,1160
-1,-1
447,1178
448,1178
450,1179
449,1179
448,1180
449,1180
451,1179
452,1179
453,1180
454,1182
454,1183
453,1184
452,1185
453,1185
454,1186
455,1187
455,1188
454,1189
454,1190
453,1190
453,1191
452,1191
451,1192
452,1192
452,1191
453,1192
454,1194
453,1194
452,1195
452,1196
451,1198
451,1199
452,1198
453,1196
454,1196
455,1195
456,1196
455,1196
455,1197
454,1204
454,1205
453,1205
451,1206
450,1205
449,1205
448,1204
447,1199
447,1198
448,1193
448,1192
447,1193
446,1193
446,1194
445,1196
445,1195
444,1194
444,1193
445,1187
445,1186
446,1181
446,1180
447,1179
447,1178
447,1178
447,1178
-1,-1
456,1191
456,1192
455,1193
454,1192
454,1191
455,1191
455,1192
456,1191
456,1191
456,1191
-1,-1
462,1187
462,1188
461,1189
461,1190
462,1190
464,1189
465,1189
466,1188
466,1189
467,1190
467,1191
468,1192
467,1192
467,1193
466,1193
466,1192
465,1192
465,1193
464,1194
462,1195
461,1194
460,1194
458,1195
458,1194
459,1191
459,1190
460,1189
460,1188
461,1187
462,1187
462,1187
462,1187
-1,-1
457,1200
458,1200
461,1199
461,1198
460,1198
460,1199
459,1199
459,1200
460,1201
461,1200
462,1200
464,1201
464,1202
463,1202
462,1203
463,1205
464,1206
465,1208
464,1208
462,1209
463,1209
465,1210
464,1211
464,1212
465,1212
466,1213
465,1214
465,1215
466,1215
467,1216
466,1216
467,1217
466,1217
463,1218
463,1217
462,1215
462,1214
461,1214
461,1215
462,1216
462,1217
461,1218
460,1218
460,1217
459,1216
459,1215
458,1215
458,1214
457,1213
457,1212
458,1212
458,1211
457,1207
457,1206
456,1205
456,1204
457,1200
457,1200
457,1200
-1,-1
422,636
422,636
-1,-1
422.5,635.8
422.5,635.8
-1,-1
422.8,635.8
422.8,635.8
-1,-1
423.8,637.6
423.8,637.6
-1,-1
423.7,638
423.7,638
-1,-1
423.5,638.5
423.5,638.5
-1,-1
424.3,638.6
424.3,638.6
-1,-1
425,638.8
425,638.8
-1,-1
409,643.5
411,643.4
412,643.5
412.8,644
414,643.8
414,641.5
412.7,641.5
412.2,642
412.5,642.6
412,643.1
410.7,643.2
409.8,643
409,643.5
-1,-1
365,700.4
366,699.7
366.5,698.8
365.8,698.7
365.2,699.4
365,700.4
-1,-1
360.2,687.5
360.2,687.5
-1,-1
329.2,683
329.6,682.8
329.7,682
329.2,683
-1,-1
